pathway NES_avg padj_avg padj NES gene_ratio NES_GSEA FDR q-val_GSEA gene_ratio_GSEA gene_ratio_avg
GO:0005975 -2.27793204489914 0 5.37230936406986e-06 -2.12351988979827 0.291666666666667 -2.4323442 0 0.38 0.335833333333333
GO:0005996 -2.03278357791364 3.77591582589409e-05 0.00175969833123691 -1.94595355582727 0.363636363636364 -2.1196136 0.0015538225 0.5 0.431818181818182
GO:0006520 -1.75670063144503 0.00500938076661925 0.00500938076661925 -1.75670063144503 0.238532110091743 NA NA NA 0.238532110091743
GO:0008643 -1.93721771641772 0.000263437356213345 0.00697778576184689 -1.88789793283544 0.428571428571429 -1.9865375 0.0032264264 0.48 0.454285714285714
GO:0008652 -1.76281183976499 0.0104770402740047 0.0104770402740047 -1.76281183976499 0.216216216216216 NA NA NA 0.216216216216216
GO:0009056 -1.93705601153569 5.62389742951696e-05 0.0006667962281567 -1.96390832307138 0.192307692307692 -1.9102037 0.006303765 0.2 0.196153846153846
GO:0009060 -2.12946580475228 0 0.00542679252211089 -1.90383310950456 0.714285714285714 -2.3550985 0 0.71 0.712142857142857
GO:0009064 -1.75486583265117 0.00231396425787311 0.00542679252211089 -1.84930806530235 0.307692307692308 -1.6604236 0.045855653 0.36 0.333846153846154
GO:0009066 -1.72428206216529 0.00802891129590626 0.0334407818036502 -1.73432112433059 0.31578947368421 -1.714243 0.030428754 0.37 0.342894736842105
GO:0009067 -1.80745486171446 0.00269655778025093 0.0260534653421284 -1.76885842342891 0.266666666666667 -1.8460513 0.011340059 0.4 0.333333333333333
GO:0009401 -1.87990746746206 0.000828879379285209 0.0279751987991837 -1.76106023492412 0.5 -1.9987547 0.0028377096 0.56 0.53
GO:0015144 -1.85303476287765 0.00143834214999405 0.0260534653421284 -1.76937642575531 0.533333333333333 -1.9366931 0.005616397 0.6 0.566666666666667
GO:0015980 -1.90383310950456 0.00542679252211089 0.00542679252211089 -1.90383310950456 0.714285714285714 NA NA NA 0.714285714285714
GO:0016052 -1.96209778009405 0.000408845682272587 0.0334407818036502 -1.7686375601881 0.36 -2.155558 0.0010896716 0.48 0.42
GO:0016301 -1.65409257500296 0.0102163819946793 0.0279751987991837 -1.66121645000592 0.224719101123595 -1.6469687 0.047965325 0.21 0.217359550561798
GO:0016491 -2.0246191502918 1.72855801747114e-06 0.000294498824429012 -1.7681139005836 0.276470588235294 -2.2811244 0.00034308946 0.39 0.333235294117647
GO:0016772 -1.54157987701629 0.0334407818036502 0.0334407818036502 -1.54157987701629 0.17687074829932 NA NA NA 0.17687074829932
GO:0016773 -2.03505588414885 1.76792707144204e-05 0.0006667962281567 -1.9468293682977 0.285714285714286 -2.1232824 0.0018127931 0.33 0.307857142857143
GO:0019318 -1.94607078821697 0.000299926301388881 0.0120281083662161 -1.81270717643394 0.352941176470588 -2.0794344 0.002157143 0.53 0.441470588235294
GO:0019752 -1.66706938030899 0.00542679252211089 0.00542679252211089 -1.66706938030899 0.253623188405797 NA NA NA 0.253623188405797
GO:0043436 -1.69708760928902 0.00542679252211089 0.00542679252211089 -1.69708760928902 0.260162601626016 NA NA NA 0.260162601626016
GO:0043648 -1.78225799332849 0.00432357998708378 0.0491978483642615 -1.70612588665698 0.545454545454545 -1.8583901 0.010224921 0.59 0.567727272727273
GO:0044238 -1.58776743244845 0.000158099741377195 0.000158099741377195 -1.58776743244845 0.219954648526077 NA NA NA 0.219954648526077
GO:0044281 -1.47804404616899 0.0487548645875958 0.0487548645875958 -1.47804404616899 0.216216216216216 NA NA NA 0.216216216216216
GO:0045333 -1.90383310950456 0.00542679252211089 0.00542679252211089 -1.90383310950456 0.714285714285714 NA NA NA 0.714285714285714
GO:0098704 -1.89067146746206 0.000807631358184066 0.0279751987991837 -1.76106023492412 0.5 -2.0202827 0.0027573826 0.56 0.53
GO:1901575 -2.08000463474113 3.10684235144925e-06 0.000138370249184864 -2.00369106948226 0.23943661971831 -2.1563182 0.0013620895 0.27 0.254718309859155
GO:1901605 -1.85623345878084 0.000122519096574328 0.0006667962281567 -1.90302811756168 0.25 -1.8094388 0.014657415 0.35 0.3
GO:1901607 -1.77654229934905 0.00215667589296286 0.011304267997781 -1.7897861986981 0.238095238095238 -1.7632984 0.02034489 0.36 0.299047619047619
GO:0006783 -1.9995154 0.0031214803 NA NA NA -1.9995154 0.0031214803 0.6 0.6
GO:0006779 -1.9601187 0.004706959 NA NA NA -1.9601187 0.004706959 0.56 0.56
GO:1902600 -1.9398153 0.0057764933 NA NA NA -1.9398153 0.0057764933 0.78 0.78
GO:0006778 -1.9340067 0.005472243 NA NA NA -1.9340067 0.005472243 0.53 0.53
GO:0050661 -1.9273887 0.005708904 NA NA NA -1.9273887 0.005708904 0.67 0.67
GO:0033014 -1.9239995 0.0054478296 NA NA NA -1.9239995 0.0054478296 0.5 0.5
GO:1901615 -1.893992 0.0077215317 NA NA NA -1.893992 0.0077215317 0.37 0.37
GO:0033013 -1.880508 0.008547501 NA NA NA -1.880508 0.008547501 0.47 0.47
GO:0006066 -1.8749094 0.008752865 NA NA NA -1.8749094 0.008752865 0.39 0.39
GO:0006091 -1.8452559 0.011017317 NA NA NA -1.8452559 0.011017317 0.45 0.45
GO:0005515 -1.8216962 0.014098769 NA NA NA -1.8216962 0.014098769 0.69 0.69
GO:0006006 -1.8127077 0.01476281 NA NA NA -1.8127077 0.01476281 0.47 0.47
GO:0008483 -1.8073592 0.014599028 NA NA NA -1.8073592 0.014599028 0.5 0.5
GO:0016903 -1.7812667 0.018356126 NA NA NA -1.7812667 0.018356126 0.5 0.5
GO:0006096 -1.7758281 0.018616801 NA NA NA -1.7758281 0.018616801 0.42 0.42
GO:0098655 -1.766622 0.019932121 NA NA NA -1.766622 0.019932121 0.62 0.62
GO:0006090 -1.7503756 0.0228582 NA NA NA -1.7503756 0.0228582 0.38 0.38
GO:0016769 -1.7397448 0.024957934 NA NA NA -1.7397448 0.024957934 0.5 0.5
GO:0098662 -1.7342585 0.02558875 NA NA NA -1.7342585 0.02558875 0.63 0.63
GO:0005488 -1.7113949 0.03048965 NA NA NA -1.7113949 0.03048965 0.47 0.47
GO:0016614 -1.7064855 0.03107802 NA NA NA -1.7064855 0.03107802 0.32 0.32
GO:0043650 -1.7022775 0.031773817 NA NA NA -1.7022775 0.031773817 0.61 0.61
GO:0005622 -1.6522694 0.04820936 NA NA NA -1.6522694 0.04820936 0.68 0.68
GO:0015297 -1.6497132 0.048019715 NA NA NA -1.6497132 0.048019715 0.57 0.57
