pathway NES_avg padj_avg padj NES gene_ratio NES_GSEA FDR q-val_GSEA gene_ratio_GSEA gene_ratio_avg
sep00010 -1.8226251307756 0.000335682376653173 0.0205474959123055 -1.6579546615512 0.432432432432432 -1.9872956 0.0014285349 0.41 0.421216216216216
sep00020 -2.21282901071314 0 0.000148675984146411 -1.98261862142628 0.678571428571429 -2.4430394 0 0.75 0.714285714285714
sep00190 -2.20054282373135 0 0.000323855068478833 -1.9514179474627 0.666666666666667 -2.4496677 0 0.67 0.668333333333333
sep00260 -1.86630200254069 0.000118815725751644 0.00340752138314602 -1.83340010508138 0.433333333333333 -1.8992039 0.002774139 0.53 0.481666666666667
sep00270 -1.79380430070263 0.000262243344697165 0.00163428921556665 -1.86106330140526 0.25 -1.7265453 0.013707343 0.33 0.29
sep00561 -1.84346379250006 0.000174997109698475 0.0100522708567205 -1.71743108500011 0.31578947368421 -1.9694965 0.001433064 0.32 0.317894736842105
sep00620 -2.01091842422572 7.50532688026485e-06 0.00163428921556665 -1.85487884845144 0.425531914893617 -2.166958 0.00029545455 0.45 0.437765957446809
sep00640 -2.00031190905933 0 0.00995652599877885 -1.74940141811865 0.583333333333333 -2.2512224 0 0.54 0.561666666666667
sep00650 -1.94585660072999 3.36797662367257e-05 0.00473933838032124 -1.77770020145998 0.473684210526316 -2.114013 0.0005100479 0.53 0.501842105263158
sep00785 -1.80973977419912 0.000412864488275469 0.0259200410714294 -1.63863174839823 0.666666666666667 -1.9808478 0.0014210206 0.67 0.668333333333333
sep00860 -1.82031283819077 0.000476322394726283 0.0258595715276632 -1.65036297638154 0.5625 -1.9902627 0.001666624 0.56 0.56125
sep00630 -1.9406111 0.0016447925 NA NA NA -1.9406111 0.0016447925 0.57 0.57
sep00220 -1.8009175 0.00790527 NA NA NA -1.8009175 0.00790527 0.55 0.55
sep02020 -1.794417 0.007901473 NA NA NA -1.794417 0.007901473 0.46 0.46
