pathway NES_avg padj_avg padj NES gene_ratio NES_GSEA FDR q-val_GSEA gene_ratio_GSEA gene_ratio_avg
GO:0003735 -2.01746319960332 5.87697931875967e-05 0.0052388409989456 -1.85795999920664 0.517857142857143 -2.1769664 0.00084143755 0.46 0.488928571428571
GO:0005198 -2.02961936928021 3.54179942056454e-05 0.0052388409989456 -1.85443623856041 0.508771929824561 -2.2048025 0.00048712653 0.46 0.484385964912281
GO:0005488 -1.78015351081496 0.000543680883830662 0.00581081735246426 -1.70918682162992 0.515789473684211 -1.8511202 0.008578693 0.55 0.532894736842105
GO:0005575 -2.09418500330339 2.11358148688695e-06 0.000289795332186062 -1.93567130660678 0.464285714285714 -2.2526987 0.00043171068 0.47 0.467142857142857
GO:0005975 -2.29337256487724 2.55146434509061e-09 4.17400682005229e-07 -2.31390412975447 0.347222222222222 -2.272841 0.0002550898 0.35 0.348611111111111
GO:0005996 -2.0893304258094 2.34688609669276e-06 4.24112551775075e-05 -2.1835806516188 0.363636363636364 -1.9950802 0.003297214 0.68 0.521818181818182
GO:0006006 -1.84011966936431 0.0013436863889946 0.008878431260279 -1.90863633872862 0.266666666666667 -1.771603 0.015278783 0.87 0.568333333333333
GO:0006066 -1.92945923042711 0.000481536298449627 0.00913008910512325 -1.91547466085422 0.304347826086957 -1.9434438 0.004777301 0.26 0.282173913043478
GO:0006082 -1.74058126108695 0.00462572098417116 0.012189608338283 -1.8592766221739 0.344827586206897 -1.6218859 0.04454864 0.34 0.342413793103448
GO:0006412 -1.86439463008293 0.00028726074223349 0.00507465424825716 -1.78102896016586 0.475247524752475 -1.9477603 0.004877092 0.47 0.472623762376238
GO:0006418 -1.74145248542381 0.0032534009507511 0.0465459375744759 -1.62113467084763 0.7 -1.8617703 0.00783955 0.7 0.7
GO:0006520 -1.65885162651248 0.00360882606287075 0.0100562358396546 -1.67086985302496 0.238532110091743 -1.6468334 0.040784635 0.4 0.319266055045872
GO:0006525 -2.10236618505927 0 0.00521728506292711 -1.88124577011854 0.55 -2.3234866 0 0.55 0.55
GO:0006793 -1.5181203755276 0.0462106219717492 0.0462106219717492 -1.5181203755276 0.190082644628099 NA NA NA 0.190082644628099
GO:0006796 -1.53581322259452 0.0461404442151592 0.0461404442151592 -1.53581322259452 0.211009174311927 NA NA NA 0.211009174311927
GO:0008643 -1.96394000313535 6.34332593121915e-05 0.000848901460984389 -2.0238330062707 0.476190476190476 -1.904047 0.0056397635 0.52 0.498095238095238
GO:0009056 -1.96601249406752 0.000167559390235852 0.00444231081364805 -1.94925648813504 0.442307692307692 -1.9827685 0.0030929316 0.37 0.406153846153846
GO:0009060 -2.09568589507228 2.38917218225858e-05 0.0052388409989456 -1.91588029014455 0.80952380952381 -2.2754915 0.00031886226 0.81 0.809761904761905
GO:0009064 -2.11063084138281 2.35370518890839e-05 0.00444231081364805 -1.97113098276562 0.435897435897436 -2.2501307 0.00037003774 0.38 0.407948717948718
GO:0009084 -1.84083909655863 0.00157201595777986 0.0465459375744759 -1.69415579311727 0.428571428571429 -1.9875224 0.003470819 0.38 0.404285714285714
GO:0009401 -1.90829627359949 0.000438224061208214 0.00678839444714836 -1.91177114719898 0.444444444444444 -1.9048214 0.0057929754 0.5 0.472222222222222
GO:0010467 -1.69798483751493 0.00133095260038173 0.0100562358396546 -1.60712877502986 0.403614457831325 -1.7888409 0.013347199 0.42 0.411807228915663
GO:0015144 -1.90061485097392 0.000573521148861251 0.00919024264948587 -1.90180440194783 0.466666666666667 -1.8994253 0.0057528913 0.53 0.498333333333333
GO:0015980 -1.91588029014455 0.0052388409989456 0.0052388409989456 -1.91588029014455 0.80952380952381 NA NA NA 0.80952380952381
GO:0016301 -1.71012864719305 0.008878431260279 0.008878431260279 -1.71012864719305 0.247191011235955 NA NA NA 0.247191011235955
GO:0016310 -1.58396322582929 0.0333423379668217 0.0333423379668217 -1.58396322582929 0.223529411764706 NA NA NA 0.223529411764706
GO:0016491 -1.9427465695123 4.21189227861168e-06 5.05209565210081e-05 -1.9528098390246 0.229411764705882 -1.9326833 0.005158939 0.42 0.324705882352941
GO:0016614 -1.72133378101143 0.00858820570040906 0.0462106219717492 -1.71601386202285 0.432432432432432 -1.7266537 0.023786632 0.54 0.486216216216216
GO:0016740 -1.47464230194535 0.0103346952732593 0.0103346952732593 -1.47464230194535 0.191616766467066 NA NA NA 0.191616766467066
GO:0016772 -1.62302450095398 0.012198343740793 0.012198343740793 -1.62302450095398 0.19047619047619 NA NA NA 0.19047619047619
GO:0016773 -2.14716614032234 5.91790494661916e-07 2.18247830445894e-05 -2.21222308064468 0.306122448979592 -2.0821092 0.0014862753 0.33 0.318061224489796
GO:0016903 -1.77087491312973 0.00361722781007784 0.0462106219717492 -1.70017022625946 0.388888888888889 -1.8415796 0.008898763 0.39 0.389444444444444
GO:0019318 -1.97628383928312 7.59976597263383e-05 0.00104919921321649 -2.04191977856623 0.352941176470588 -1.9106479 0.0055488395 0.76 0.556470588235294
GO:0019538 -1.60433680757982 0.00547315547076601 0.0145503736014722 -1.58132731515965 0.396449704142012 -1.6273463 0.045170113 0.38 0.388224852071006
GO:0019843 -2.2081283889847 0 0.000848901460984389 -2.0257157779694 0.604651162790698 -2.390541 0 0.6 0.602325581395349
GO:0022804 -1.71055165035826 0.0035833320129047 0.0142693086917258 -1.71655350071651 0.432098765432099 -1.7045498 0.028513834 0.57 0.501049382716049
GO:0032991 -2.1845410363817 0 3.11926412419013e-05 -2.0542390727634 0.454545454545455 -2.314843 0 0.46 0.457272727272727
GO:0043039 -1.76964618542381 0.00240658613442657 0.0465459375744759 -1.62113467084763 0.7 -1.9181577 0.00558674 0.7 0.7
GO:0043043 -1.80156789008276 0.00060032005242162 0.0103346952732593 -1.68513008016551 0.474747474747475 -1.9180057 0.005379824 0.46 0.467373737373737
GO:0043167 -1.63491353109946 0.00708456682456444 0.0304638499419122 -1.56912766219891 0.432432432432432 -1.7006994 0.028948521 0.45 0.441216216216216
GO:0043168 -1.62226526609131 0.00728373451296417 0.0287336764711316 -1.56074123218261 0.435185185185185 -1.6837893 0.031679373 0.45 0.442592592592593
GO:0043169 -1.4090433267452 0.0283308563042003 0.0283308563042003 -1.4090433267452 0.295918367346939 NA NA NA 0.295918367346939
GO:0043436 -1.68040413141466 0.0076376797438011 0.0076376797438011 -1.68040413141466 0.178861788617886 NA NA NA 0.178861788617886
GO:0044238 -1.96652625361427 1.08684084615633e-10 1.21307545308232e-09 -1.94679180722853 0.335600907029478 -1.9862607 0.0032881442 0.35 0.342800453514739
GO:0044281 -1.87595766237647 0.000400610992916607 0.000400610992916607 -1.87595766237647 0.195945945945946 NA NA NA 0.195945945945946
GO:0045333 -1.91588029014455 0.0052388409989456 0.0052388409989456 -1.91588029014455 0.80952380952381 NA NA NA 0.80952380952381
GO:0046872 -1.36655065136245 0.0462106219717492 0.0462106219717492 -1.36655065136245 0.291095890410959 NA NA NA 0.291095890410959
GO:0051536 -1.69847204997648 0.0462106219717492 0.0462106219717492 -1.69847204997648 0.210526315789474 NA NA NA 0.210526315789474
GO:0051539 -1.80753913696235 0.0152738734110802 0.0152738734110802 -1.80753913696235 0.222222222222222 NA NA NA 0.222222222222222
GO:0051540 -1.69847204997648 0.0462106219717492 0.0462106219717492 -1.69847204997648 0.210526315789474 NA NA NA 0.210526315789474
GO:0071702 -1.66438041723662 0.0374572680728313 0.0374572680728313 -1.66438041723662 0.229508196721311 NA NA NA 0.229508196721311
GO:0098655 -1.77280317502916 0.00366769368092166 0.0465459375744759 -1.70799515005832 0.567567567567568 -1.8376112 0.008973863 0.54 0.553783783783784
GO:0098662 -1.9060086886597 0.000601643736179827 0.0174972551197454 -1.8278782773194 0.6 -1.9841391 0.0031852976 0.57 0.585
GO:0098704 -1.90116212359949 0.000472519101653675 0.00678839444714836 -1.91177114719898 0.444444444444444 -1.8905531 0.0062930915 0.5 0.472222222222222
GO:0110165 -1.85872854213773 0.00129118625142599 0.0364251595544811 -1.71470568427547 0.583333333333333 -2.0027514 0.0035626707 0.58 0.581666666666667
GO:1901564 -1.36380769328277 0.0441871275313789 0.0441871275313789 -1.36380769328277 0.288409703504043 NA NA NA 0.288409703504043
GO:1901575 -2.04671796906546 1.52646384291381e-05 0.000806518220479849 -1.99836773813091 0.338028169014085 -2.0950682 0.0012802524 0.36 0.349014084507042
GO:1901605 -1.7187048652106 0.00271793308381449 0.00941139293572988 -1.7565522304212 0.357142857142857 -1.6808575 0.03167219 0.44 0.398571428571429
GO:1901615 -1.96159354765337 0.000214081035406454 0.0052388409989456 -1.92508769530673 0.296296296296296 -1.9980994 0.0034258913 0.26 0.278148148148148
GO:1902494 -1.66804697331841 0.0108872792512612 0.0465459375744759 -1.64465244663682 0.361111111111111 -1.6914415 0.031019932 0.56 0.460555555555556
GO:1902600 -1.98301545974925 0.000210938363951373 0.0100562358396546 -1.89791791949849 0.739130434782609 -2.068113 0.0017561574 0.83 0.784565217391304
GO:1990904 -1.98917534057474 6.48666211194455e-05 0.00555721850753362 -1.83085998114948 0.508771929824561 -2.1474907 0.00088258786 0.46 0.484385964912281
GO:0005622 -2.0660121 0.0016307177 NA NA NA -2.0660121 0.0016307177 0.64 0.64
GO:0050661 -1.9236678 0.0054118065 NA NA NA -1.9236678 0.0054118065 0.83 0.83
GO:0016052 -1.857163 0.007935372 NA NA NA -1.857163 0.007935372 0.36 0.36
GO:0004812 -1.850823 0.008340395 NA NA NA -1.850823 0.008340395 0.67 0.67
GO:0016875 -1.8507481 0.00811498 NA NA NA -1.8507481 0.00811498 0.67 0.67
GO:0015297 -1.8397754 0.008871423 NA NA NA -1.8397754 0.008871423 0.78 0.78
GO:0043648 -1.8151945 0.010549794 NA NA NA -1.8151945 0.010549794 0.45 0.45
GO:0017076 -1.6893526 0.030957386 NA NA NA -1.6893526 0.030957386 0.57 0.57
GO:0043650 -1.6627815 0.03637376 NA NA NA -1.6627815 0.03637376 0.44 0.44
GO:0003723 -1.6393965 0.041977122 NA NA NA -1.6393965 0.041977122 0.45 0.45
GO:0032561 -1.6259528 0.04479475 NA NA NA -1.6259528 0.04479475 0.52 0.52
GO:0005525 -1.6228622 0.045088273 NA NA NA -1.6228622 0.045088273 0.52 0.52
GO:0016874 -1.6134312 0.046920653 NA NA NA -1.6134312 0.046920653 0.48 0.48
GO:0008324 -1.6079684 0.04855843 NA NA NA -1.6079684 0.04855843 0.51 0.51
GO:0008483 -1.6051267 0.048919115 NA NA NA -1.6051267 0.048919115 0.56 0.56
