pathway NES_avg padj_avg padj NES gene_ratio NES_GSEA FDR q-val_GSEA gene_ratio_GSEA gene_ratio_avg
sep00010 -1.75582460564184 0.0024618818559828 0.021765117208634 -1.73767051128367 0.351351351351351 -1.7739787 0.012255811 0.51 0.430675675675676
sep00020 -2.35639040362173 0 8.31858346415866e-05 -2.15309220724345 0.857142857142857 -2.5596886 0 0.89 0.873571428571429
sep00190 -1.92663262958068 8.49328099897795e-05 0.0128562249666596 -1.78246975916137 0.625 -2.0707955 0.00051079545 0.63 0.6275
sep00220 -2.207485836296 0 0.000257094638207154 -2.00580347259201 0.55 -2.4091682 0 0.55 0.55
sep00260 -1.63829567554903 0.0296215332307779 0.0296215332307779 -1.63829567554903 0.4 NA NA NA 0.4
sep00270 -1.67077680437615 0.0319594096845344 0.0319594096845344 -1.67077680437615 0.291666666666667 NA NA NA 0.291666666666667
sep00561 -1.9490509881865 6.3361312397879e-05 0.021765117208634 -1.73225777637301 0.368421052631579 -2.1658442 0.00021969697 0.37 0.369210526315789
sep00620 -2.20466306003998 0 8.31858346415866e-05 -2.09789542007996 0.51063829787234 -2.3114307 0 0.57 0.54031914893617
sep00630 -1.79844545816353 0.000718841747831052 0.0475864179103771 -1.61212991632706 0.434782608695652 -1.984761 0.0014252865 0.43 0.432391304347826
sep00640 -2.20204666123579 0 0.000257094638207154 -2.04263632247159 0.666666666666667 -2.361457 0 0.67 0.668333333333333
sep00650 -2.11661880409293 2.9719143083102e-07 8.31858346415866e-05 -2.08556400818587 0.421052631578947 -2.1476736 0.00018831171 0.37 0.395526315789474
sep00785 -2.16475172896079 0 0.000978598445420394 -1.94448125792157 0.619047619047619 -2.3850222 0 0.67 0.64452380952381
sep02020 -1.57759861628619 0.026022417485348 0.026022417485348 -1.57759861628619 0.261538461538462 NA NA NA 0.261538461538462
sep03010 -1.9003964378491 3.99106946952613e-05 0.001844706588059 -1.8306472756982 0.36986301369863 -1.9701456 0.0015734847 0.36 0.364931506849315
