pathway NES_avg padj_avg padj NES gene_ratio NES_GSEA FDR q-val_GSEA gene_ratio_GSEA gene_ratio_avg
GO:0005975 -2.32523401883918 0 4.01461597110101e-07 -2.20031823767836 0.444444444444444 -2.4501498 0 0.44 0.442222222222222
GO:0005996 -2.19721691869252 0 6.35172740592954e-06 -2.14549383738503 0.545454545454545 -2.24894 0 0.59 0.567727272727273
GO:0006006 -1.95822131508998 3.02009515690685e-05 0.00199776752241513 -1.92594413017997 0.6 -1.9904985 0.0010759466 0.6 0.6
GO:0006090 -1.87192521837095 0.000159371302175025 0.0415777449903583 -1.6971844367419 0.523809523809524 -2.046666 0.000312911 0.52 0.521904761904762
GO:0006096 -1.8826330073643 0.00018839912919998 0.0415777449903583 -1.7040809147286 0.578947368421053 -2.0611851 0.0003754932 0.58 0.579473684210526
GO:0006520 -1.93550310407771 6.11608428562362e-06 0.000441793869307753 -1.87028980815541 0.339449541284404 -2.0007164 0.0008782878 0.42 0.379724770642202
GO:0006525 -1.82504137183346 0.000839563476551577 0.0261231680665731 -1.74802734366691 0.55 -1.9020554 0.0030822444 0.7 0.625
GO:0006811 -1.59815130991656 0.0439513211074778 0.0439513211074778 -1.59815130991656 0.327272727272727 NA NA NA 0.327272727272727
GO:0008643 -2.03234275565725 4.98270339860999e-06 0.000764024747529859 -1.9682555113145 0.523809523809524 -2.09643 0.00040808952 0.52 0.521904761904762
GO:0008652 -1.81479100573108 0.000245592123280742 0.0043267179709207 -1.77621851146215 0.324324324324324 -1.8533635 0.0048192716 0.43 0.377162162162162
GO:0009056 -1.95307435473643 2.93926150605828e-06 5.12487739094834e-05 -2.02075970947286 0.192307692307692 -1.885389 0.003466823 0.29 0.241153846153846
GO:0009060 -1.88109778445376 0.000216229638404874 0.0291993403424443 -1.74211996890753 0.523809523809524 -2.0200756 0.000621398 0.52 0.521904761904762
GO:0009064 -1.9439493788619 4.77185533776837e-05 0.00528673326291178 -1.8662334577238 0.487179487179487 -2.0216653 0.00066578353 0.54 0.513589743589744
GO:0009066 -1.79028752070417 0.00163683646442506 0.0248146675493984 -1.76257564140833 0.368421052631579 -1.8179994 0.00681034 0.42 0.394210526315789
GO:0009067 -1.81273917202554 0.00101801878430304 0.0261231680665731 -1.75049084405107 0.4 -1.8749875 0.0038154898 0.47 0.435
GO:0009084 -1.92564802907694 0.000127952845257733 0.0245569352272383 -1.78379875815387 0.619047619047619 -2.0674973 0.00041721467 0.71 0.66452380952381
GO:0009401 -1.91431082766364 9.41002711231488e-05 0.0043267179709207 -1.86600905532728 0.5 -1.9626126 0.0016961531 0.5 0.5
GO:0015144 -1.99774827889565 1.66339481701599e-05 0.00317081552421998 -1.90611295779129 0.6 -2.0893836 0.00035707833 0.6 0.6
GO:0015980 -1.88502653445376 0.000153673019151704 0.0291993403424443 -1.74211996890753 0.523809523809524 -2.0279331 0.0004282458 0.52 0.521904761904762
GO:0016052 -2.06143257694691 0 0.00641400894372459 -1.89337865389382 0.64 -2.2294865 0 0.6 0.62
GO:0016301 -1.6520929914092 0.0141584239417593 0.0141584239417593 -1.6520929914092 0.235955056179775 NA NA NA 0.235955056179775
GO:0016310 -1.57757382379423 0.0389885161967366 0.0389885161967366 -1.57757382379423 0.223529411764706 NA NA NA 0.223529411764706
GO:0016491 -1.94761595915926 1.91101404613966e-07 1.12004894808275e-05 -1.88511821831853 0.382352941176471 -2.0101137 0.0008777737 0.38 0.381176470588235
GO:0016772 -1.55750798158361 0.0245569352272383 0.0245569352272383 -1.55750798158361 0.224489795918367 NA NA NA 0.224489795918367
GO:0016773 -1.94569455894791 1.02296016408951e-05 0.000225158528674069 -1.98631681789582 0.306122448979592 -1.9050723 0.0029865827 0.35 0.328061224489796
GO:0017076 -1.78778824371738 0.00110451922354619 0.0415777449903583 -1.65546988743477 0.297297297297297 -1.9201066 0.0026241927 0.32 0.308648648648649
GO:0019318 -2.09881285936576 2.53482430425178e-07 6.77806516411789e-05 -2.02350311873152 0.588235294117647 -2.1741226 0.00019539171 0.65 0.619117647058824
GO:0019752 -1.96566999013361 4.29935443978139e-07 6.77806516411789e-05 -1.87643958026721 0.27536231884058 -2.0549004 0.00034135746 0.43 0.35268115942029
GO:0022804 -1.68589415025138 0.0141584239417593 0.0141584239417593 -1.68589415025138 0.308641975308642 NA NA NA 0.308641975308642
GO:0032787 -1.71916059818853 0.00241972664257254 0.0389885161967366 -1.61704659637706 0.285714285714286 -1.8212746 0.0067105023 0.27 0.277857142857143
GO:0043436 -1.90931342367014 5.14268537455529e-06 0.00016505856964566 -1.87647254734028 0.317073170731707 -1.9421543 0.0019537406 0.41 0.363536585365854
GO:0043648 -1.82234599821694 0.000697603200411163 0.0256343828519711 -1.72494059643389 0.318181818181818 -1.9197514 0.0025596635 0.36 0.339090909090909
GO:0044238 -1.48655813214273 0.00317081552421998 0.00317081552421998 -1.48655813214273 0.219954648526077 NA NA NA 0.219954648526077
GO:0044281 -1.50463336608887 0.0415777449903583 0.0415777449903583 -1.50463336608887 0.222972972972973 NA NA NA 0.222972972972973
GO:0045333 -1.88096578445376 0.000203813087109023 0.0291993403424443 -1.74211996890753 0.523809523809524 -2.0198116 0.00058256055 0.52 0.521904761904762
GO:0046394 -1.67136174455279 0.00479565465555584 0.0248146675493984 -1.64321358910559 0.274725274725275 -1.6995099 0.022796802 0.4 0.337362637362637
GO:0050661 -1.87833288805319 0.000303377637616051 0.0245569352272383 -1.77028887610637 0.444444444444444 -1.9863769 0.001069897 0.5 0.472222222222222
GO:0051539 -1.67974018370647 0.0389885161967366 0.0389885161967366 -1.67974018370647 0.37037037037037 NA NA NA 0.37037037037037
GO:0071702 -1.67867078711843 0.0245569352272383 0.0245569352272383 -1.67867078711843 0.213114754098361 NA NA NA 0.213114754098361
GO:0098655 -1.72044916935258 0.00319126573585584 0.0439513211074778 -1.64261763870515 0.378378378378378 -1.7982807 0.008123999 0.54 0.459189189189189
GO:0098662 -1.77776158807741 0.00173372868192114 0.03716232322794 -1.70024277615482 0.4 -1.8552804 0.0048488243 0.57 0.485
GO:0098704 -1.89815022766364 0.000118808699817615 0.0043267179709207 -1.86600905532728 0.5 -1.9302914 0.0021846422 0.5 0.5
GO:1901575 -2.20541191875402 0 1.07623245342065e-05 -2.08228253750804 0.380281690140845 -2.3285413 0 0.38 0.380140845070423
GO:1901605 -2.03118680360765 1.02099187189892e-06 0.000121386944690255 -1.9593029072153 0.392857142857143 -2.1030707 0.00047610444 0.45 0.421428571428571
GO:1901607 -1.77540524863404 0.0013599980448795 0.0245569352272383 -1.71371169726807 0.357142857142857 -1.8370988 0.0055986084 0.33 0.343571428571429
GO:1902600 -1.80500450685962 0.00146291971350492 0.0415777449903583 -1.72253301371924 0.652173913043478 -1.887476 0.0035863684 0.7 0.676086956521739
GO:0006091 -1.9828877 0.0011513322 NA NA NA -1.9828877 0.0011513322 0.58 0.58
GO:0043650 -1.8487751 0.0048994077 NA NA NA -1.8487751 0.0048994077 0.39 0.39
GO:1901615 -1.8423172 0.005296 NA NA NA -1.8423172 0.005296 0.44 0.44
GO:0016903 -1.7833518 0.009676201 NA NA NA -1.7833518 0.009676201 0.5 0.5
GO:0006066 -1.778038 0.010060374 NA NA NA -1.778038 0.010060374 0.39 0.39
GO:0016769 -1.7749547 0.010289398 NA NA NA -1.7749547 0.010289398 0.5 0.5
GO:0008483 -1.7219204 0.018364495 NA NA NA -1.7219204 0.018364495 0.5 0.5
GO:0006783 -1.6856626 0.025759544 NA NA NA -1.6856626 0.025759544 0.6 0.6
GO:0022890 -1.6832331 0.02584685 NA NA NA -1.6832331 0.02584685 0.5 0.5
GO:1901681 -1.6641451 0.03063305 NA NA NA -1.6641451 0.03063305 0.31 0.31
GO:0051287 -1.6585214 0.031694386 NA NA NA -1.6585214 0.031694386 0.26 0.26
GO:0033014 -1.6533746 0.03308573 NA NA NA -1.6533746 0.03308573 0.5 0.5
GO:0006779 -1.6465818 0.03466999 NA NA NA -1.6465818 0.03466999 0.56 0.56
GO:0033013 -1.6294998 0.039644398 NA NA NA -1.6294998 0.039644398 0.37 0.37
GO:0030170 -1.6133341 0.045280047 NA NA NA -1.6133341 0.045280047 0.36 0.36
GO:0070279 -1.610682 0.045489803 NA NA NA -1.610682 0.045489803 0.36 0.36
