pathway NES_avg padj_avg padj NES gene_ratio NES_GSEA FDR q-val_GSEA gene_ratio_GSEA gene_ratio_avg
sep00010 -1.8636138833877 0.000254919620125788 0.0060619591359203 -1.8117186667754 0.513513513513513 -1.9155091 0.0035827844 0.49 0.501756756756757
sep00020 -1.8400673602621 0.000963381164468517 0.025656727308686 -1.73130982052421 0.571428571428571 -1.9488249 0.00365448 0.79 0.680714285714286
sep00190 -2.15265084730781 0 0.00117702510086858 -1.95080869461562 0.708333333333333 -2.354493 0 0.71 0.709166666666667
sep00260 -1.59638202451751 0.0489398151560834 0.0489398151560834 -1.59638202451751 0.533333333333333 NA NA NA 0.533333333333333
sep00270 -1.67419873151235 0.0296797759445607 0.0296797759445607 -1.67419873151235 0.25 NA NA NA 0.25
sep00620 -1.69343670187092 0.00456375311762501 0.0264697248484461 -1.67148620374184 0.404255319148936 -1.7153872 0.020204086 0.51 0.457127659574468
sep00640 -1.70459288899245 0.00412257244983753 0.0366873029244933 -1.64705397798491 0.583333333333333 -1.7621318 0.01299279 0.58 0.581666666666667
sep00650 -1.82077529870566 0.000413019017446155 0.0060619591359203 -1.79301649741133 0.31578947368421 -1.8485341 0.006078571 0.53 0.422894736842105
sep00785 -1.8533806 0.007293866 NA NA NA -1.8533806 0.007293866 0.62 0.62
sep00220 -1.7623217 0.015158255 NA NA NA -1.7623217 0.015158255 0.5 0.5
sep00630 -1.6961508 0.021995729 NA NA NA -1.6961508 0.021995729 0.57 0.57
sep00561 -1.6774997 0.024570575 NA NA NA -1.6774997 0.024570575 0.37 0.37
sep00860 -1.616308 0.03760231 NA NA NA -1.616308 0.03760231 0.56 0.56
