pathway NES_avg padj_avg padj NES gene_ratio NES_GSEA FDR q-val_GSEA gene_ratio_GSEA gene_ratio_avg
sep00020 -2.43631906026091 0 2.40449292436713e-05 -2.15753592052182 0.714285714285714 -2.7151022 0 0.71 0.712142857142857
sep00190 -2.07813976195828 0 0.00637225866791283 -1.90625902391655 0.541666666666667 -2.2500205 0 0.54 0.540833333333333
sep00620 -1.79474341184526 0.00151114413495454 0.0198362762702522 -1.73337862369052 0.425531914893617 -1.8561082 0.007793688 0.38 0.402765957446809
sep00640 -2.02864018603586 6.03966117986383e-05 0.00637225866791283 -1.91474757207173 0.5 -2.1425328 0.0007125 0.5 0.5
sep00650 -1.86487081995568 0.000675164872826387 0.00867487317837237 -1.85364523991136 0.263157894736842 -1.8760964 0.0072957943 0.53 0.396578947368421
sep00785 -1.88466603727187 0.000537248590040896 0.0447412093660919 -1.67992677454374 0.523809523809524 -2.0894053 0.0010996651 0.52 0.521904761904762
sep03010 -2.34291586253637 0 8.62981083039753e-06 -2.18796482507273 0.301369863013699 -2.4978669 0 0.34 0.320684931506849
sep00561 -1.7919147 0.013827242 NA NA NA -1.7919147 0.013827242 0.32 0.32
sep00220 -1.7430272 0.021333022 NA NA NA -1.7430272 0.021333022 0.6 0.6
sep00630 -1.7404398 0.01974245 NA NA NA -1.7404398 0.01974245 0.3 0.3
sep00010 -1.7181809 0.021495499 NA NA NA -1.7181809 0.021495499 0.38 0.38
