pathway NES_avg padj_avg padj NES gene_ratio NES_GSEA FDR q-val_GSEA gene_ratio_GSEA gene_ratio_avg
GO:0003735 -2.44628714412625 0 1.10322518766935e-05 -2.18372558825249 0.428571428571429 -2.7088487 0 0.45 0.439285714285714
GO:0005198 -2.4322742644854 0 1.10322518766935e-05 -2.1806942289708 0.421052631578947 -2.6838543 0 0.44 0.430526315789474
GO:0005488 -1.89692277182402 0.000240600060003579 0.0113863839128985 -1.75037234364805 0.578947368421053 -2.0434732 0.0017906423 0.59 0.584473684210526
GO:0005575 -2.22457431716018 0 8.08646913204603e-05 -1.98336123432036 0.366071428571429 -2.4657874 0 0.38 0.373035714285714
GO:0005975 -2.25999370216645 2.45998855053544e-08 6.66493790260971e-06 -2.1961189043329 0.388888888888889 -2.3238685 0.00017093313 0.39 0.389444444444444
GO:0005996 -2.13416423678149 1.1935673274865e-06 0.000137757956913432 -2.07545347356297 0.363636363636364 -2.192875 0.0004950762 0.55 0.456818181818182
GO:0006006 -1.77650613206092 0.00537612842661821 0.0227449562368237 -1.82642656412184 0.533333333333333 -1.7265857 0.028314793 0.53 0.531666666666667
GO:0006412 -2.06571765962595 3.54652418126975e-06 0.000759406229396069 -1.8690406192519 0.534653465346535 -2.2623947 0.0002857507 0.56 0.547326732673267
GO:0008643 -1.98096013597696 0.000102453457897455 0.0035812307744182 -1.93010567195392 0.523809523809524 -2.0318146 0.002247313 0.43 0.476904761904762
GO:0009056 -1.84512013097562 0.000515487289447214 0.00158563351302634 -1.97448536195123 0.173076923076923 -1.7157549 0.029648442 0.21 0.191538461538462
GO:0009060 -1.97520050357055 0.000154906861414341 0.0229468239468596 -1.78728650714109 0.523809523809524 -2.1631145 0.00054969825 0.52 0.521904761904762
GO:0009401 -1.96529285041848 0.000121986188838516 0.00375525181541616 -1.93001230083696 0.5 -2.0005734 0.002590325 0.44 0.47
GO:0010467 -1.83853766282725 0.00016887634150873 0.0035812307744182 -1.7059969256545 0.355421686746988 -1.9710784 0.003869464 0.36 0.357710843373494
GO:0015144 -1.89497108484955 0.00100959439056515 0.0173356199859708 -1.8613380696991 0.533333333333333 -1.9286041 0.0056968713 0.47 0.501666666666667
GO:0015980 -1.98766040357055 0.000116985967655721 0.0229468239468596 -1.78728650714109 0.523809523809524 -2.1880343 0.00040506237 0.52 0.521904761904762
GO:0016052 -1.93350894991334 0.000408064656472766 0.0191127246335522 -1.81790489982669 0.44 -2.049113 0.0019025574 0.44 0.44
GO:0016301 -1.71778196289739 0.0164735414088424 0.0164735414088424 -1.71778196289739 0.213483146067416 NA NA NA 0.213483146067416
GO:0016491 -1.60080806569564 0.0150472685854388 0.0150472685854388 -1.60080806569564 0.282352941176471 NA NA NA 0.282352941176471
GO:0016772 -1.58466139325443 0.0229468239468596 0.0229468239468596 -1.58466139325443 0.163265306122449 NA NA NA 0.163265306122449
GO:0016773 -2.11662179077052 5.00761291907959e-07 1.94494045744975e-05 -2.13491358154105 0.285714285714286 -2.09833 0.0013977211 0.29 0.287857142857143
GO:0019318 -2.03286912082046 2.91427349667344e-05 0.00158563351302634 -1.96786074164093 0.588235294117647 -2.0978775 0.0013045397 0.59 0.589117647058824
GO:0019538 -1.77903688505371 0.000816362845994209 0.0183744028396782 -1.59662097010741 0.437869822485207 -1.9614528 0.004248352 0.47 0.453934911242604
GO:0019843 -2.37938807862622 0 8.09445141133022e-05 -2.10616915725243 0.511627906976744 -2.652607 0 0.51 0.510813953488372
GO:0022804 -1.61432194486594 0.033056022144552 0.033056022144552 -1.61432194486594 0.308641975308642 NA NA NA 0.308641975308642
GO:0032991 -2.24179809115619 0 2.94572565691538e-05 -2.00776968231238 0.429752066115702 -2.4758265 0 0.42 0.424876033057851
GO:0043043 -1.9933734147506 2.4750231173436e-05 0.00389412400146265 -1.7987042295012 0.535353535353535 -2.1880426 0.0004455686 0.57 0.552676767676768
GO:0044238 -1.87621288444621 1.42920302481214e-08 9.45011320409462e-08 -1.84742146889241 0.226757369614512 -1.9050043 0.006824159 0.23 0.228378684807256
GO:0044281 -1.66225821102383 0.0101738411980029 0.0101738411980029 -1.66225821102383 0.189189189189189 NA NA NA 0.189189189189189
GO:0045333 -1.97326180357055 0.00014392292661418 0.0229468239468596 -1.78728650714109 0.523809523809524 -2.1592371 0.00050741376 0.52 0.521904761904762
GO:0098704 -1.97695330041848 0.000106784218575922 0.00375525181541616 -1.93001230083696 0.5 -2.0238943 0.0022416771 0.44 0.47
GO:1901575 -2.00904869462842 5.70805781039484e-06 0.000137757956913432 -2.01076888925684 0.295774647887324 -2.0073285 0.0026165473 0.3 0.297887323943662
GO:1901615 -1.81767317353827 0.00176401437258816 0.0219593746117539 -1.75370984707655 0.259259259259259 -1.8816365 0.008365919 0.26 0.25962962962963
GO:1990904 -2.41435239437788 0 1.10322518766935e-05 -2.16949128875575 0.421052631578947 -2.6592135 0 0.44 0.430526315789474
GO:0005622 -1.9986051 0.00256739 NA NA NA -1.9986051 0.00256739 0.64 0.64
GO:0015297 -1.895374 0.007501837 NA NA NA -1.895374 0.007501837 0.61 0.61
GO:1902600 -1.858533 0.009999715 NA NA NA -1.858533 0.009999715 0.74 0.74
GO:0110165 -1.8525087 0.010243457 NA NA NA -1.8525087 0.010243457 0.58 0.58
GO:0006066 -1.8121414 0.0152988285 NA NA NA -1.8121414 0.0152988285 0.26 0.26
GO:1901681 -1.7965598 0.017620284 NA NA NA -1.7965598 0.017620284 0.63 0.63
GO:0098662 -1.7962726 0.017086336 NA NA NA -1.7962726 0.017086336 0.7 0.7
GO:0005525 -1.780779 0.018901946 NA NA NA -1.780779 0.018901946 0.58 0.58
GO:0032561 -1.771828 0.020291174 NA NA NA -1.771828 0.020291174 0.58 0.58
GO:0050661 -1.7584645 0.022562452 NA NA NA -1.7584645 0.022562452 0.61 0.61
GO:0006525 -1.7524878 0.023151537 NA NA NA -1.7524878 0.023151537 0.6 0.6
GO:0009064 -1.7450659 0.024057657 NA NA NA -1.7450659 0.024057657 0.46 0.46
GO:0003723 -1.7230809 0.028449979 NA NA NA -1.7230809 0.028449979 0.56 0.56
GO:1902494 -1.7021614 0.03218786 NA NA NA -1.7021614 0.03218786 0.44 0.44
GO:0009084 -1.6816912 0.03756955 NA NA NA -1.6816912 0.03756955 0.48 0.48
GO:0043039 -1.6545494 0.045698505 NA NA NA -1.6545494 0.045698505 0.6 0.6
