pathway NES_avg padj_avg padj NES gene_ratio NES_GSEA FDR q-val_GSEA gene_ratio_GSEA gene_ratio_avg
GO:0006139 1.67086038046555 0.00468041322174547 0.027866960534736 1.4379069609311 0.238709677419355 1.9038138 0.01974781 0.48 0.359354838709677
GO:0006396 2.1435251554698 0 0.00666662886513363 2.05404831093959 0.452380952380952 2.233002 0 0.45 0.451190476190476
GO:0006399 2.08353598726906 0.000109654410659881 0.00666662886513363 1.99069917453812 0.428571428571429 2.1763728 0.0012996065 0.43 0.429285714285714
GO:0006400 2.07339964444563 0.000349012002045698 0.0157138377253834 1.95714728889127 0.56 2.189652 0.0019494098 0.64 0.6
GO:0008033 2.17906120414604 0 0.00666662886513363 2.06224160829207 0.53125 2.2958808 0 0.53 0.530625
GO:0009451 2.09663661982968 0.000173001778660959 0.00687826976151665 1.97778483965935 0.625 2.2154884 0.0020683487 0.63 0.6275
GO:0032196 1.84446877598429 0.00752879607992136 0.0462231803530161 1.77925325196857 0.88235294117647 1.9096843 0.02045208 0.82 0.851176470588235
GO:0034470 2.02298067630167 0.000326682529520911 0.00749340658608273 1.97090985260334 0.470588235294118 2.0750515 0.003802231 0.51 0.490294117647059
GO:0034660 2.09306970139713 0.000133471659977524 0.00687826976151665 2.00862440279426 0.41304347826087 2.177515 0.0015595278 0.41 0.411521739130435
GO:0043412 1.86189742269344 0.00354603671477948 0.027866960534736 1.76961754538688 0.520833333333333 1.9541773 0.014429243 0.52 0.520416666666667
GO:0055086 1.81004966993446 0.00918220256920769 0.0456060299999097 1.76694073986892 0.512820512820513 1.8531586 0.026024602 0.51 0.511410256410256
GO:1901657 1.8795408 0.022584751 NA NA NA 1.8795408 0.022584751 0.53 0.53
GO:0016070 1.8117809 0.03725939 NA NA NA 1.8117809 0.03725939 0.45 0.45
