pathway NES_avg padj_avg padj NES gene_ratio NES_GSEA FDR q-val_GSEA gene_ratio_GSEA gene_ratio_avg
GO:0005975 -1.78600223911873 0.0013768327283766 0.0067063557436301 -1.78397357823746 0.388888888888889 -1.7880309 0.020783175 0.4 0.394444444444444
GO:0005996 -1.79830067522767 0.00228887689532516 0.00666662886513363 -1.90279145045534 0.363636363636364 -1.6938099 0.03687445 0.64 0.501818181818182
GO:0006520 -1.66910662115898 0.0070609836816971 0.0462231803530161 -1.55800064231795 0.458715596330275 -1.7802126 0.019006293 0.5 0.479357798165138
GO:0008643 -1.92561104013167 0.00035575433524713 0.00687826976151665 -1.87930198026334 0.523809523809524 -1.9719201 0.0045479573 0.57 0.546904761904762
GO:0009056 -1.82819128986983 0.0067063557436301 0.0067063557436301 -1.82819128986983 0.173076923076923 NA NA NA 0.173076923076923
GO:0009060 -1.94332118305266 0.000267755235825586 0.0333791565237332 -1.76596486610533 0.619047619047619 -2.1206775 0.00068657025 0.62 0.61952380952381
GO:0009401 -1.9697648622281 0.000117690832388588 0.0132051533047223 -1.83366142445621 0.555555555555556 -2.1058683 0.0007084923 0.61 0.582777777777778
GO:0015144 -1.92469569957938 0.000296675591193751 0.0157138377253834 -1.80494439915876 0.6 -2.044447 0.0016315986 0.67 0.635
GO:0015980 -1.76596486610533 0.0333791565237332 0.0333791565237332 -1.76596486610533 0.619047619047619 NA NA NA 0.619047619047619
GO:0016491 -1.73188293536764 0.00109785415709381 0.00666662886513363 -1.64586657073527 0.305882352941176 -1.8178993 0.01625675 0.42 0.362941176470588
GO:0016773 -1.76804124011759 0.00351354230503733 0.022418060363832 -1.72964478023517 0.346938775510204 -1.8064377 0.017751133 0.37 0.358469387755102
GO:0019318 -1.73356243281217 0.00570406601444387 0.0157138377253834 -1.79906156562433 0.352941176470588 -1.6680633 0.043837618 0.71 0.531470588235294
GO:0045333 -1.76596486610533 0.0333791565237332 0.0333791565237332 -1.76596486610533 0.619047619047619 NA NA NA 0.619047619047619
GO:0098704 -1.9824872122281 0.000216099929203917 0.0132051533047223 -1.83366142445621 0.555555555555556 -2.131313 0.0013731405 0.61 0.582777777777778
GO:1901605 -1.72869670823169 0.00514075292504438 0.0449314384105477 -1.61501491646338 0.464285714285714 -1.8423785 0.01362286 0.46 0.462142857142857
GO:1902600 -1.955986 0.005026648 NA NA NA -1.955986 0.005026648 0.57 0.57
GO:0008652 -1.9039273 0.0082643125 NA NA NA -1.9039273 0.0082643125 0.5 0.5
GO:1901607 -1.8746909 0.011011416 NA NA NA -1.8746909 0.011011416 0.5 0.5
GO:0006525 -1.8736777 0.0097879255 NA NA NA -1.8736777 0.0097879255 0.75 0.75
GO:0009084 -1.8341062 0.013931431 NA NA NA -1.8341062 0.013931431 0.62 0.62
GO:0009064 -1.7819879 0.02105133 NA NA NA -1.7819879 0.02105133 0.51 0.51
GO:0015297 -1.7809873 0.020098317 NA NA NA -1.7809873 0.020098317 0.48 0.48
GO:0043436 -1.757839 0.022852173 NA NA NA -1.757839 0.022852173 0.42 0.42
GO:0098662 -1.726981 0.030450704 NA NA NA -1.726981 0.030450704 0.43 0.43
GO:0050661 -1.7160586 0.03236127 NA NA NA -1.7160586 0.03236127 0.39 0.39
GO:0008483 -1.7087075 0.032981206 NA NA NA -1.7087075 0.032981206 0.31 0.31
GO:0016769 -1.6935952 0.035303768 NA NA NA -1.6935952 0.035303768 0.31 0.31
GO:0110165 -1.6602951 0.045300905 NA NA NA -1.6602951 0.045300905 0.46 0.46
