pathway NES_avg padj_avg padj NES gene_ratio NES_GSEA FDR q-val_GSEA gene_ratio_GSEA gene_ratio_avg
GO:0005515 1.71481949610976 0.00498448043804377 0.0240539803131091 1.72403109221952 0.4375 1.7056079 0.024570672 0.44 0.43875
GO:0005975 1.86648051837216 6.59726996267279e-05 0.00101151340565211 1.84665203674432 0.458333333333333 1.886309 0.004938418 0.42 0.439166666666667
GO:0005996 1.89285613768702 0.000157486317404774 0.00333009603228559 1.86522817537404 0.727272727272727 1.9204841 0.0038565472 0.73 0.728636363636364
GO:0006006 1.84014724545793 0.000617784400145656 0.00734013982147006 1.84063659091587 0.8 1.8396579 0.007817875 0.8 0.8
GO:0006066 1.76752130559455 0.00179330904136553 0.0173992861532255 1.7356542111891 0.434782608695652 1.7993884 0.010754436 0.43 0.432391304347826
GO:0006090 1.80565092143116 0.000643553839452249 0.00718425801524394 1.78528354286232 0.666666666666667 1.8260183 0.008355658 0.67 0.668333333333333
GO:0006091 1.56301386501975 0.0496899673351926 0.0496899673351926 1.56301386501975 0.541666666666667 NA NA NA 0.541666666666667
GO:0006096 1.79239112936348 0.0016460539729822 0.0166450722099942 1.78569235872695 0.68421052631579 1.7990899 0.010216714 0.68 0.682105263157895
GO:0006520 1.74555519656345 0.000450133656282862 0.0024245754590817 1.7328591931269 0.467889908256881 1.7582512 0.01670429 0.41 0.43894495412844
GO:0006807 1.46729821806884 0.0106358428848146 0.0106358428848146 1.46729821806884 0.307086614173228 NA NA NA 0.307086614173228
GO:0007154 1.63124615246505 0.0139332994579648 0.0496899673351926 1.6164904049301 0.478260869565217 1.6460019 0.038648836 0.43 0.454130434782609
GO:0008652 1.89106992209276 3.81604226583623e-05 0.000686182112373587 1.87194124418552 0.45945945945946 1.9101986 0.004030414 0.46 0.45972972972973
GO:0009056 2.07946773547424 1.64222103880729e-07 3.32054032889188e-05 2.06028267094848 0.403846153846154 2.0986528 0.00025236167 0.4 0.401923076923077
GO:0009066 1.67232740974203 0.0107567503626943 0.045647419985317 1.66467751948406 0.578947368421053 1.6799773 0.031193784 0.58 0.579473684210526
GO:0009991 1.82794542751387 0.000777793033432364 0.00959722669620811 1.81105925502775 0.533333333333333 1.8448316 0.00770997 0.53 0.531666666666667
GO:0015297 1.64013141822222 0.0124248493459454 0.0460502147324569 1.62573013644445 0.826086956521739 1.6545327 0.036520645 0.83 0.82804347826087
GO:0016052 1.84479631687228 0.000321612155971916 0.00477979185001933 1.82345213374456 0.68 1.8661405 0.005859584 0.68 0.68
GO:0016491 2.09815080926789 0 1.62872468643042e-08 2.07928161853577 0.388235294117647 2.11702 0 0.39 0.389117647058824
GO:0016614 1.69696887074864 0.00340074233188401 0.0173992861532255 1.67672404149727 0.351351351351351 1.7172137 0.022045268 0.35 0.350675675675676
GO:0016616 1.76178900091791 0.000846973867279026 0.00752667482401434 1.73260790183583 0.451612903225806 1.7909701 0.010802177 0.35 0.400806451612903
GO:0016667 1.67737100934098 0.00856722849164953 0.0460502147324569 1.64926881868197 0.555555555555556 1.7054732 0.023802642 0.56 0.557777777777778
GO:0016773 1.7041567211432 0.00273028636381833 0.0144708188087789 1.6785153422864 0.244897959183673 1.7297981 0.020703845 0.24 0.242448979591837
GO:0016829 1.50293572879461 0.045647419985317 0.045647419985317 1.50293572879461 0.485714285714286 NA NA NA 0.485714285714286
GO:0016835 1.60221425405336 0.0148224805830972 0.0460502147324569 1.58193560810671 0.36 1.6224929 0.044808496 0.36 0.36
GO:0016903 1.74459159782215 0.00368849751292526 0.0240670373035985 1.73760079564431 0.444444444444444 1.7515824 0.0174667 0.44 0.442222222222222
GO:0017076 1.68949167630075 0.00385041933643698 0.0196492935495678 1.65940665260149 0.405405405405405 1.7195767 0.022457045 0.41 0.407702702702703
GO:0019318 1.98742981941244 3.42476503576657e-05 0.00199440019348503 1.96507563882488 0.823529411764706 2.009784 0.0012340705 0.82 0.821764705882353
GO:0019752 1.98741719557032 8.70036130659997e-08 4.17450167245467e-06 1.96510529114064 0.492753623188406 2.0097291 0.0010283921 0.49 0.491376811594203
GO:0042180 1.64292106232925 0.0135664121912095 0.048996589156944 1.64056452465849 0.533333333333333 1.6452776 0.038001627 0.53 0.531666666666667
GO:0043167 1.46464249624747 0.045647419985317 0.045647419985317 1.46464249624747 0.27027027027027 NA NA NA 0.27027027027027
GO:0043169 1.40146082522032 0.0227074908179147 0.0227074908179147 1.40146082522032 0.295918367346939 NA NA NA 0.295918367346939
GO:0043436 1.82732796023807 2.96237413905823e-05 0.000266174897464232 1.81908072047614 0.463414634146341 1.8355752 0.007909448 0.46 0.461707317073171
GO:0043603 1.65027766003722 0.00662137258351165 0.0245492095052182 1.63275992007444 0.378378378378378 1.6677954 0.03325493 0.32 0.349189189189189
GO:0044248 1.72327223304975 0.00401579388074525 0.0261235609843572 1.7028495660995 0.4 1.7436949 0.017713394 0.4 0.4
GO:0046394 1.79888459041699 0.00011693642754977 0.00101151340565211 1.78341008083399 0.461538461538462 1.8143591 0.00918487 0.42 0.440769230769231
GO:0046872 1.37738973201178 0.0240539803131091 0.0240539803131091 1.37738973201178 0.291095890410959 NA NA NA 0.291095890410959
GO:0050660 1.72679384719633 0.00300272657307846 0.0196492935495678 1.70388979439266 0.333333333333333 1.7496979 0.016967978 0.33 0.331666666666667
GO:0050896 1.89387509715913 5.03345895238372e-05 0.00101151340565211 1.87027469431825 0.4 1.9174755 0.0036861943 0.4 0.4
GO:0051604 1.92769505511126 6.46377963338485e-05 0.00220714583678193 1.89885081022251 0.454545454545455 1.9565393 0.0022137274 0.45 0.452272727272727
GO:0051716 1.66713666877005 0.00685617265691966 0.027839930417811 1.6555355375401 0.428571428571429 1.6787378 0.030513598 0.43 0.429285714285714
GO:1901575 2.05565567024016 6.96528279004639e-08 8.61663528932976e-06 2.04171454048033 0.422535211267606 2.0695968 0.00039431514 0.42 0.421267605633803
GO:1901605 1.86325875747309 3.74504921034714e-05 0.000566852609345878 1.84317951494618 0.452380952380952 1.883338 0.0047810855 0.45 0.451190476190476
GO:1901607 2.05490410862997 7.99200671750496e-07 0.000117776926160014 2.00121381725993 0.595238095238095 2.1085944 0.0003785425 0.6 0.597619047619048
GO:1901615 1.60584456418973 0.0128383143751888 0.041415446630782 1.58099112837946 0.37037037037037 1.630698 0.04217517 0.37 0.370185185185185
GO:0016836 1.6573108 0.036432017 NA NA NA 1.6573108 0.036432017 0.42 0.42
