pathway NES_avg padj_avg padj NES gene_ratio NES_GSEA FDR q-val_GSEA gene_ratio_GSEA gene_ratio_avg
GO:0000049 -1.93621444044684 0.000143377372463564 0.00298168717632016 -1.95863138089369 0.68 -1.9137975 0.003888913 0.68 0.68
GO:0000270 -1.73909913509898 0.00336137394137383 0.0173992861532255 -1.75618977019797 0.6 -1.7220085 0.021757858 0.6 0.6
GO:0001510 -1.76681178154007 0.0049347157105548 0.0345291815154028 -1.76720056308014 0.722222222222222 -1.766423 0.016922876 0.72 0.721111111111111
GO:0003676 -1.3636170854986 0.00718425801524394 0.00718425801524394 -1.3636170854986 0.334426229508197 NA NA NA 0.334426229508197
GO:0003723 -2.80926583526856 0 1.54219743758683e-13 -2.81697317053712 0.63 -2.8015585 0 0.61 0.62
GO:0003735 -2.86678997563417 0 1.31777988880131e-12 -2.91983895126833 0.857142857142857 -2.813741 0 0.86 0.858571428571429
GO:0004812 -2.22056362046527 6.17011811562668e-07 0.000117776926160014 -2.23410174093055 0.619047619047619 -2.2070255 0.00028785047 0.62 0.61952380952381
GO:0005198 -2.88733275733919 0 1.77604159831437e-12 -2.91732051467838 0.842105263157895 -2.857345 0 0.84 0.841052631578947
GO:0005575 -2.20422166027273 1.03924327450134e-09 1.54662921082362e-07 -2.23619572054547 0.553571428571429 -2.1722476 0.0002698598 0.55 0.551785714285714
GO:0006022 -1.74842547350495 0.00325100204176083 0.0181285884813991 -1.75572674700991 0.625 -1.7411242 0.020111669 0.63 0.6275
GO:0006023 -1.69324985493891 0.00492252102340366 0.0246959121480446 -1.69061090987783 0.571428571428571 -1.6958888 0.023594812 0.57 0.570714285714286
GO:0006024 -1.69040155493891 0.00496672267199187 0.0246959121480446 -1.69061090987783 0.571428571428571 -1.6901922 0.023835292 0.57 0.570714285714286
GO:0006082 -1.82875840702545 0.00110477174304164 0.0111490313868336 -1.8380997140509 0.137931034482759 -1.8194171 0.009788805 0.14 0.138965517241379
GO:0006139 -1.59870010831574 0.00298168717632016 0.00298168717632016 -1.59870010831574 0.27741935483871 NA NA NA 0.27741935483871
GO:0006220 -2.12972145232037 5.04451973266338e-06 0.00101394391470898 -2.11014290464073 0.5 -2.1493 0.00031157408 0.5 0.5
GO:0006396 -1.6221969895014 0.00709434055486595 0.0227074908179147 -1.64134457900281 0.571428571428571 -1.6030494 0.038897876 0.57 0.570714285714286
GO:0006399 -1.78940343836326 0.00109678438207097 0.00647323319726447 -1.81478967672652 0.333333333333333 -1.7640172 0.01672434 0.33 0.331666666666667
GO:0006412 -2.84992225992981 0 2.17303861665496e-15 -2.89526351985962 0.732673267326733 -2.804581 0 0.72 0.726336633663366
GO:0006418 -2.26443565872308 0 9.1105314921597e-05 -2.25236651744615 0.65 -2.2765048 0 0.65 0.65
GO:0006753 -1.70184009803825 0.00334644370570542 0.0158440052125459 -1.69763109607651 0.386363636363636 -1.7060491 0.023774095 0.39 0.388181818181818
GO:0008360 -1.70964899354652 0.00540001336923553 0.027839930417811 -1.71680288709304 0.518518518518518 -1.7024951 0.023249716 0.52 0.519259259259259
GO:0008610 -1.64123020955769 0.00821312056285997 0.0351261507383609 -1.63827561911538 0.714285714285714 -1.6441848 0.029731309 0.71 0.712142857142857
GO:0009058 -1.33314212201595 0.00216076624315137 0.00216076624315137 -1.33314212201595 0.364864864864865 NA NA NA 0.364864864864865
GO:0009059 -2.06227637501805 3.10018766634246e-10 9.70023046620077e-09 -2.09210615003611 0.511111111111111 -2.0324466 0.0012217772 0.51 0.510555555555556
GO:0009165 -1.66432426455336 0.00442922772001751 0.0174176595891617 -1.68711612910672 0.428571428571429 -1.6415324 0.029681357 0.43 0.429285714285714
GO:0009252 -1.67175085493891 0.00594205371818173 0.0246959121480446 -1.69061090987783 0.571428571428571 -1.6528908 0.029221486 0.57 0.570714285714286
GO:0009273 -2.07525685014104 2.9476470664443e-06 0.000266174897464232 -2.08020530028208 0.526315789473684 -2.0703084 0.0006695221 0.53 0.528157894736842
GO:0009451 -1.68805975850133 0.00404623447528179 0.0166450722099942 -1.71569221700266 0.55 -1.6604273 0.028038545 0.55 0.55
GO:0010467 -1.95358056350395 1.8699490451851e-07 2.55836243839294e-06 -1.9887734270079 0.560240963855422 -1.9183877 0.0037558828 0.56 0.560120481927711
GO:0016043 -1.86733021106026 0.000312562452723218 0.0106358428848146 -1.77108422212053 0.481481481481481 -1.9635762 0.0025522753 0.5 0.490740740740741
GO:0016070 -1.66952574513886 0.00141707244027392 0.00477979185001933 -1.69433029027771 0.306122448979592 -1.6447212 0.030110091 0.31 0.308061224489796
GO:0016874 -1.63035114924392 0.00170939299574681 0.00477979185001933 -1.65064759848783 0.380952380952381 -1.6100547 0.037109036 0.38 0.38047619047619
GO:0016875 -2.24109877046527 2.56614167379192e-07 0.000117776926160014 -2.23410174093055 0.619047619047619 -2.2480958 0.00011391437 0.62 0.61952380952381
GO:0019350 -2.1584009229707 2.28583186457628e-06 0.000566852609345878 -2.1522722459414 0.235294117647059 -2.1645296 0.00023987539 0.24 0.237647058823529
GO:0019538 -1.67598383746184 0.000205570291175779 0.000566852609345878 -1.70629817492367 0.50887573964497 -1.6456695 0.03029088 0.51 0.509437869822485
GO:0019843 -2.73005674839758 0 3.02613191976349e-10 -2.76428909679515 0.86046511627907 -2.6958244 0 0.86 0.860232558139535
GO:0022604 -1.71136714354652 0.00540768712392296 0.027839930417811 -1.71680288709304 0.518518518518518 -1.7059314 0.023287259 0.52 0.519259259259259
GO:0022613 -1.71298166944632 0.0045444525984598 0.0227074908179147 -1.71361653889264 0.56 -1.7123468 0.023438763 0.56 0.56
GO:0030203 -1.74730358509898 0.00311963211245634 0.0173992861532255 -1.75618977019797 0.6 -1.7384174 0.020003714 0.6 0.6
GO:0032991 -1.85040561885759 9.95605130226882e-06 7.4424533905248e-05 -1.86231723771519 0.512396694214876 -1.838494 0.0087770345 0.51 0.511198347107438
GO:0034470 -1.69734352087507 0.00182192097692685 0.00822406915454847 -1.69884334175014 0.509803921568627 -1.6958437 0.023158392 0.51 0.509901960784314
GO:0034660 -1.86883885026023 0.000277244087357821 0.00310517488037501 -1.88433900052047 0.347826086956522 -1.8533387 0.0076668467 0.35 0.348913043478261
GO:0042254 -1.70172366944632 0.00453386453954324 0.0227074908179147 -1.71361653889264 0.56 -1.6898308 0.02337692 0.56 0.56
GO:0042546 -2.0042662257378 4.07801792566033e-05 0.0017117194244499 -2.01062675147561 0.238095238095238 -1.9979057 0.0017356089 0.24 0.239047619047619
GO:0043039 -2.24068275872308 1.8645897019007e-07 9.1105314921597e-05 -2.25236651744615 0.65 -2.228999 0.00010515172 0.65 0.65
GO:0043043 -3.00165020118714 0 4.68619310900188e-17 -3.01473260237428 0.747474747474748 -2.9885678 0 0.74 0.743737373737374
GO:0043170 -1.87378260322114 2.90794312562957e-09 1.62872468643042e-08 -1.88823370644227 0.427244582043344 -1.8593315 0.007493345 0.43 0.428622291021672
GO:0044038 -2.09330565014104 2.21988031887686e-06 0.000266174897464232 -2.08020530028208 0.526315789473684 -2.106406 0.0004951886 0.53 0.528157894736842
GO:0044085 -2.23628306710106 1.1758869261633e-07 1.91121046751049e-05 -2.25949713420211 0.470588235294118 -2.213069 0.0003084112 0.47 0.470294117647059
GO:0044249 -1.94024946519538 9.8048868258071e-12 8.48201362286504e-11 -1.97042793039075 0.451807228915663 -1.910071 0.003886808 0.45 0.450903614457831
GO:0045229 -1.94707372816677 8.15892673786898e-05 0.0017117194244499 -1.96862515633354 0.558823529411765 -1.9255223 0.0036730468 0.56 0.559411764705882
GO:0046374 -2.1486268229707 2.78534056811848e-06 0.000566852609345878 -2.1522722459414 0.235294117647059 -2.1449814 0.00029599539 0.24 0.237647058823529
GO:0051301 -1.7015750057777 0.00407900543058859 0.0196492935495678 -1.7198381115554 0.612903225806452 -1.6833119 0.023969252 0.61 0.611451612903226
GO:0065008 -1.74199351815831 0.00302435396484067 0.0155338632186198 -1.75758173631661 0.527777777777778 -1.7264053 0.021637341 0.53 0.528888888888889
GO:0071554 -2.19073556814695 4.47448378909825e-07 9.50239273313531e-05 -2.2094879362939 0.51063829787234 -2.1719832 0.0002539857 0.51 0.51031914893617
GO:0071555 -1.96011287816677 6.32871806344936e-05 0.0017117194244499 -1.96862515633354 0.558823529411765 -1.9516006 0.0027899896 0.56 0.559411764705882
GO:0071840 -2.38794172046397 0 3.11113152556731e-08 -2.43024114092794 0.493827160493827 -2.3456423 0 0.49 0.491913580246914
GO:0140098 -2.45063881647643 0 2.3411390760923e-07 -2.48092993295287 0.517241379310345 -2.4203477 0 0.52 0.518620689655172
GO:0140101 -2.29867861356073 0 1.3701457464218e-05 -2.30895492712146 0.522727272727273 -2.2884023 0 0.52 0.521363636363636
GO:1901137 -2.15615602586805 4.87718074808957e-07 9.37803525632148e-05 -2.1683835517361 0.490909090909091 -2.1439285 0.00028190037 0.49 0.490454545454545
GO:1901293 -1.99136442109546 7.6335931873148e-05 0.00220714583678193 -2.01845054219092 0.4375 -1.9642783 0.0026504397 0.44 0.43875
GO:1901576 -1.39369680568223 0.000942834036814329 0.000942834036814329 -1.39369680568223 0.374407582938389 NA NA NA 0.374407582938389
GO:1990904 -2.83270809807579 0 6.75645967784252e-12 -2.88584619615159 0.842105263157895 -2.77957 0 0.84 0.841052631578947
GO:0007049 -1.9106922 0.003912255 NA NA NA -1.9106922 0.003912255 0.64 0.64
GO:0022402 -1.6981024 0.0235738 NA NA NA -1.6981024 0.0235738 0.44 0.44
GO:0046942 -1.5842506 0.04463045 NA NA NA -1.5842506 0.04463045 0.4 0.4
GO:0008173 -1.575917 0.046677217 NA NA NA -1.575917 0.046677217 0.67 0.67
