pathway NES_avg padj_avg padj NES gene_ratio NES_GSEA FDR q-val_GSEA gene_ratio_GSEA gene_ratio_avg
GO:0000096 -1.83385152043358 0.00150278736316132 0.0180793882196618 -1.82457714086715 0.6875 -1.8431259 0.008498391 0.69 0.68875
GO:0000166 -1.51490343026873 0.00894566308052981 0.00894566308052981 -1.51490343026873 0.171253822629969 NA NA NA 0.171253822629969
GO:0005524 -1.64993127720772 0.000887226778125674 0.000887226778125674 -1.64993127720772 0.183823529411765 NA NA NA 0.183823529411765
GO:0006163 -2.44829576615888 0 2.62913361258292e-12 -2.46217813231777 0.377777777777778 -2.4344134 0 0.38 0.378888888888889
GO:0006164 -2.46624465484929 0 1.72872705283182e-12 -2.46385280969858 0.357142857142857 -2.4686365 0 0.36 0.358571428571429
GO:0006520 -1.98976234423358 4.05067493051365e-07 1.46523704361266e-05 -2.02586278846717 0.339449541284404 -1.9536619 0.0014827307 0.34 0.339724770642202
GO:0006766 -1.72619759570644 0.0105363916002178 0.0333589575809652 -1.73429539141288 0.285714285714286 -1.7180998 0.04167865 0.29 0.287857142857143
GO:0006767 -1.72173554570644 0.0111385993607203 0.0333589575809652 -1.73429539141288 0.285714285714286 -1.7091757 0.044436496 0.29 0.287857142857143
GO:0006790 -1.65336598953041 0.0471321187453644 0.0471321187453644 -1.65336598953041 0.425 NA NA NA 0.425
GO:0006807 -1.547136244556 0.0040865341784649 0.0040865341784649 -1.547136244556 0.259842519685039 NA NA NA 0.259842519685039
GO:0009064 -1.81494097556467 0.00192058007065863 0.014004301284212 -1.82102415112934 0.128205128205128 -1.8088578 0.014425122 0.13 0.129102564102564
GO:0009069 -1.97984966832032 8.75653364611066e-06 0.000984832127346938 -1.96458663664064 0.722222222222222 -1.9951127 0.00057816337 0.72 0.721111111111111
GO:0009117 -2.41007375940753 0 1.69018475783204e-10 -2.41305301881505 0.307692307692308 -2.4070945 0 0.31 0.308846153846154
GO:0009127 -2.21733755870235 0 2.8678696556086e-09 -2.2029368174047 0.75 -2.2317383 0 0.75 0.75
GO:0009150 -2.47177669549688 0 8.38842094759724e-13 -2.47520469099376 0.333333333333333 -2.4683487 0 0.33 0.331666666666667
GO:0009152 -2.45870067128913 0 4.27395637976925e-13 -2.47015004257825 0.35 -2.4472513 0 0.35 0.35
GO:0009156 -2.26373750422688 0 1.77322822448518e-09 -2.25658380845376 0.631578947368421 -2.2708912 0 0.63 0.630789473684211
GO:0009165 -2.38437195971069 0 5.49174684226183e-10 -2.38814151942138 0.333333333333333 -2.3806024 0 0.33 0.331666666666667
GO:0009167 -2.22691925675501 0 1.75941213946105e-09 -2.23857921351003 0.705882352941177 -2.2152593 0 0.71 0.707941176470588
GO:0009168 -2.25499248320399 0 3.90374604821418e-09 -2.24380946640799 0.631578947368421 -2.2661755 0 0.63 0.630789473684211
GO:0009259 -2.46095895887032 0 1.72872705283182e-12 -2.46835991774064 0.318181818181818 -2.453558 0 0.32 0.319090909090909
GO:0009260 -2.46002742843945 0 8.38842094759724e-13 -2.47658465687891 0.333333333333333 -2.4434702 0 0.33 0.331666666666667
GO:0016491 -1.58635444626678 0.0149336759446479 0.0149336759446479 -1.58635444626678 0.4 NA NA NA 0.4
GO:0016810 -1.76488277640578 0.00228591640103485 0.00713891623798019 -1.78521355281157 0.225 -1.744552 0.034385063 0.23 0.2275
GO:0016874 -2.13849978213752 3.15786882652408e-09 2.34011534196561e-06 -2.17486726427504 0.0952380952380952 -2.1021323 5.684156e-05 0.1 0.0976190476190476
GO:0016879 -2.23196230308148 0 7.88761585193109e-07 -2.21923960616295 0.210526315789474 -2.244685 0 0.21 0.210263157894737
GO:0019438 -1.68221040435778 0.026096030492464 0.026096030492464 -1.68221040435778 0.301369863013699 NA NA NA 0.301369863013699
GO:0019752 -1.77441844531139 0.000305196870518758 0.000775273443035546 -1.79998269062278 0.355072463768116 -1.7488542 0.03411175 0.36 0.357536231884058
GO:0030554 -1.60440393131969 0.000887226778125674 0.000887226778125674 -1.60440393131969 0.195439739413681 NA NA NA 0.195439739413681
GO:0032555 -1.64048077119612 0.000778187474494136 0.000778187474494136 -1.64048077119612 0.183150183150183 NA NA NA 0.183150183150183
GO:0032559 -1.64048077119612 0.000778187474494136 0.000778187474494136 -1.64048077119612 0.183150183150183 NA NA NA 0.183150183150183
GO:0035639 -1.55908218661423 0.00367288792132328 0.00367288792132328 -1.55908218661423 0.166666666666667 NA NA NA 0.166666666666667
GO:0036094 -1.51514995817786 0.00544127723837039 0.00544127723837039 -1.51514995817786 0.174556213017751 NA NA NA 0.174556213017751
GO:0042364 -1.73095485822077 0.00993874835549662 0.0336948959959995 -1.73134951644155 0.296296296296296 -1.7305602 0.03858035 0.3 0.298148148148148
GO:0043436 -1.75434000828493 0.000789420023251755 0.00186707993966474 -1.78474701656985 0.357723577235772 -1.723933 0.04028633 0.36 0.358861788617886
GO:0044237 -1.58625654770726 0.00186707993966474 0.00186707993966474 -1.58625654770726 0.239583333333333 NA NA NA 0.239583333333333
GO:0046394 -1.67448893936206 0.0264769013270016 0.0264769013270016 -1.67448893936206 0.318681318681319 NA NA NA 0.318681318681319
GO:0072521 -2.33191171698587 0 3.90374604821418e-09 -2.34199103397174 0.516129032258065 -2.3218324 0 0.52 0.518064516129032
GO:0072522 -2.32459825185922 0 2.22228213638142e-09 -2.31933510371844 0.518518518518518 -2.3298614 0 0.52 0.519259259259259
GO:1901265 -1.50412033239259 0.0076640663769326 0.0076640663769326 -1.50412033239259 0.16969696969697 NA NA NA 0.16969696969697
GO:1901362 -1.61454924412005 0.0336948959959995 0.0336948959959995 -1.61454924412005 0.258064516129032 NA NA NA 0.258064516129032
GO:1901566 -1.56768728243458 0.0198052932242051 0.0198052932242051 -1.56768728243458 0.2 NA NA NA 0.2
GO:1901605 -1.96838463935572 8.37755413261374e-06 0.000289128818367659 -2.00506637871145 0.25 -1.9317029 0.0018783316 0.25 0.25
