pathway NES_avg padj_avg padj NES gene_ratio NES_GSEA FDR q-val_GSEA gene_ratio_GSEA gene_ratio_avg
GO:0003676 1.52083698972199 0.000399016335421568 0.000399016335421568 1.52083698972199 0.344262295081967 NA NA NA 0.344262295081967
GO:0003723 1.95829907026031 3.6335294912523e-05 0.000399016335421568 1.92190054052063 0.48 1.9946976 0.0065743714 0.48 0.48
GO:0003735 2.10898729331601 2.17989987723419e-06 0.000209103773492975 2.07598348663202 0.571428571428571 2.1419911 0.0006182796 0.57 0.570714285714286
GO:0005198 2.04835528266487 9.82194182525633e-06 0.000399016335421568 2.00037956532974 0.56140350877193 2.096331 0.0016135043 0.56 0.560701754385965
GO:0006412 1.75429394577362 0.00258611636834604 0.00258611636834604 1.75429394577362 0.425742574257426 NA NA NA 0.425742574257426
GO:0010467 1.42095475781589 0.0269089286205954 0.0269089286205954 1.42095475781589 0.379518072289157 NA NA NA 0.379518072289157
GO:0015031 1.97154780177698 0.000708704912491204 0.0102534817351668 1.93429030355397 0.625 2.0088053 0.006511843 0.63 0.6275
GO:0019843 1.98822220427495 0.000161461598558572 0.00184042283511954 1.95289410854991 0.581395348837209 2.0235503 0.0071701235 0.58 0.580697674418605
GO:0034470 1.68023018505239 0.02865188255337 0.02865188255337 1.68023018505239 0.529411764705882 NA NA NA 0.529411764705882
GO:0043043 1.79216324578136 0.00108396426097095 0.00258611636834604 1.76598259156272 0.434343434343434 1.8183439 0.04131969 0.43 0.432171717171717
GO:0043170 1.32164291887524 0.0276344683233547 0.0276344683233547 1.32164291887524 0.38390092879257 NA NA NA 0.38390092879257
GO:0045184 1.94947960177698 0.000905686532652502 0.0102534817351668 1.93429030355397 0.625 1.9646689 0.008539926 0.63 0.6275
GO:1990904 2.09996429016585 4.22782984489839e-06 0.000211624282199641 2.0511083803317 0.56140350877193 2.1488202 0.0012365592 0.56 0.560701754385965
